Q00 = 0.
Q10 = 1. + 2.*x
Q11 = -1. - 1.*x
Q20 = -4.935483870967742 - 0.9354838709677419*x + 9.*x^2
Q21 = 0.04261445436222286 - 0.1357136001535656*x + 0.09876187733947596*x^2
Q22 = 0.
Q30 = -5.714285714285715 + 34.285714285714285*x - 60.*x^2 + 32.*x^3
Q31 = -4.163780431554187*^-12 + 2.497024809144932*^-11*x - 4.369837824924616*^-11*x^2 + 2.3305801732931286*^-11*x^3
Q32 = 2.4289459332749175*^-12 - 1.4573342532742117*^-11*x + 2.5503599232479246*^-11*x^2 - 1.3602452497707418*^-11*x^3
Q33 = -3.602673714908633*^-13 + 2.1613821843402548*^-12*x - 3.782252289141752*^-12*x^2 + 2.017164213441447*^-12*x^3
Q40 = 7.440476190638279 - 69.44444444541688*x + 208.3333333350351*x^2 - 250.00000000090768*x^3 + 104.16666666666667*x^4
Q41 = -1.963478268862673*^-9 + 1.8308398352928634*^-8*x - 5.488601573233609*^-8*x^2 + 6.582659040077488*^-8*x^3 - 2.741556670571299*^-8*x^4
Q42 = -1.374908409346176*^-9 + 1.2823202055756155*^-8*x - 3.844862561663831*^-8*x^2 + 4.611872839177522*^-8*x^3 - 1.9209622337257315*^-8*x^4
Q43 = 7.009438307559179*^-10 - 6.537717922583397*^-9*x + 1.9603168865955922*^-8*x^2 - 2.351445171910882*^-8*x^3 + 9.794585587030724*^-9*x^4
Q44 = -2.1674161597429187*^-10 + 2.0174599490996314*^-9*x - 6.0400779378078084*^-9*x^2 + 7.236603871696445*^-9*x^3 - 3.0114259141900135*^-9*x^4
Q50 = -8.590909289732906 + 114.54545639644891*x - 515.45455099696*x^2 + 1030.909097550118*x^3 - 945.0000027638082*x^4 + 324.*x^5
Q51 = 1.927501564580325*^-6 - 0.00002568559852988983*x + 0.00011553473518688406*x^2 - 0.00023098875874438818*x^3 + 0.00021167917489606225*x^4 - 0.0000725584284850811*x^5
Q52 = 0.0006869920280685449 - 0.009154762803518679*x + 0.0411784815441365*x^2 - 0.08232824900557034*x^3 + 0.07544603068063083*x^4 - 0.025861059890907256*x^5
Q53 = -0.24856780498715203 + 3.3123809379145968*x - 14.899219170168017*x^2 + 29.788049021077427*x^3 - 27.29792129722461*x^4 + 9.357061883809266*x^5
Q54 = 0.060824031786470556 - 0.8105328202587492*x + 3.6458083732857745*x^2 - 7.289074513642131*x^3 + 6.679745374855816*x^4 - 2.28965386158944*x^5
Q54################################################################

Q55 = -0.0004485726132123515 + 0.005985870202233776*x - 0.026953566210279903*x^2 + 0.05393456559134158*x^3 - 0.04946058887972546*x^4 + 0.01696379243557726*x^5


f[n_,l_] := Module[{t},t=(-1)^l*n*Sum[(((n-l+1)*x)^k)/k!,{k,0,n}] ]

a[f_, q_] := Module[{t},t= Integrate[f*q*x^2,{x,0,1}]]

A110 =  a[f[1,0],Q10]
A111 =  a[f[1,1],Q11]
A200 =  a[f[2,0],Q00]
A210 =  a[f[2,0],Q10]
A211 =  a[f[2,1],Q11]
A300 =  a[f[3,0],Q11]
A310 =  a[f[3,0],Q10]
A311 =  a[f[3,1],Q11]
A320 =  a[f[3,0],Q20]
A321 =  a[f[3,1],Q21]
A322 =  a[f[3,2],Q22]
A400 =  a[f[4,0],Q11]
A410 =  a[f[4,0],Q10]
A411 =  a[f[4,1],Q11]
A420 =  a[f[4,0],Q20]
A421 =  a[f[4,1],Q21]
A422 =  a[f[4,2],Q22]
A431 =  a[f[4,1],Q31]
A432 =  a[f[4,2],Q32]
A433 =  a[f[4,3],Q33]
A500 =  a[f[5,0],Q11]
A510 =  a[f[5,0],Q10]
A511 =  a[f[5,1],Q11]
A520 =  a[f[5,0],Q20]
A521 =  a[f[5,1],Q21]
A522 =  a[f[5,2],Q22]
A530 =  a[f[5,0],Q30]
A531 =  a[f[5,1],Q31]
A532 =  a[f[5,2],Q32]
A533 =  a[f[5,3],Q33]
A541 =  a[f[5,1],Q41]
A542 =  a[f[5,2],Q42]
A543 =  a[f[5,3],Q43]
A544 =  a[f[5,4],Q44]

mat = MatrixForm[{{A110, A111, A200, A210, A211,A300, A310, A311, A320, A321, A322 ,A400, A410, A411, A420, A421, A422, A431, A432, A433,A500, A510, A511, A520, A521, A522, A530, A531, A532 , A533 , A541, A542, A543, A544},{A110, A111, A200, A210, A211, A310, A311, A320, A321, A322 , A410, A411, A420, A421, A422, A431, A432, A433, A510, A511, A520, A521, A522, A530, A531, A532 , A533 , A541, A542, A543, A544}}]


Print[mat]

